[[41615.721804940331,
  54837.664336535388,
  224079.11566832534,
  213355.99833495051,
  441043.87271612231,
  11548.625737381213,
  74140.539697215499,
  44.447252065699978,
  42.441917313668313,
  71.646644079720076,
  30.794735660067182,
  16.786867006525011,
  13.818037359015126,
  20.104131652856125,
  14.426449140714094,
  11.933201135061244,
  15.105774331219157,
  12.774285842563501,
  14.363821125229617,
  11.850673183387523,
  14.762313688874489,
  14.972932628226751,
  15.975087348557242,
  21.761163058415036,
  16.434133222737827,
  13.89620557939989,
  12.446570250359986,
  12.35724639558962,
  15.768099394448472,
  10.310810978838918,
  10.879765129129531,
  12.967758645503359,
  11.648650398999827,
  10.275488042627536,
  8.3052702970267251,
  13.135540574408516,
  14.380549071819603,
  13.304601008361637,
  13.549601296266541,
  13.859630091076159,
  15.588992706768458,
  12.485644633526277,
  10.211215681269429,
  16.652371367394689,
  16.533937418032238,
  11.541672636930556,
  13.273981539585337,
  10.802753352836248,
  13.87197830731432,
  14.149171979330808],
 [41645.17266672913,
  54710.164292429203,
  224849.63518872004,
  213805.76946284872,
  441012.33459970896,
  11523.532809832224,
  74165.859994528524,
  44.162166171152059,
  40.05832055191668,
  67.367579396971621,
  31.272819248768052,
  14.829627077680081,
  12.985997873139743,
  23.285079845344228,
  14.664026491140556,
  13.579852056049532,
  18.083344019745702,
  10.77019293067038,
  14.947935852432296,
  11.593497375799853,
  13.809841759952901,
  19.196406166304694,
  16.089401067020905,
  31.851421509821584,
  17.328266078202585,
  16.864444174211485,
  18.062796750283702,
  14.333470090717027,
  17.830639166387755,
  13.378799709567613,
  12.639895952631738,
  17.645164714537007,
  13.291439936365773,
  14.948573151037499,
  9.1648879524818074,
  13.613562120999724,
  17.631579529911367,
  16.134713789137724,
  14.440626421894676,
  21.747971518508834,
  15.774127445352898,
  14.33221969535424,
  12.373780349723752,
  17.373926943069222,
  16.913593111088581,
  16.987114499565891,
  18.857481025756531,
  17.478619570914166,
  17.678700159806642,
  13.993117495835127],
 [41538.184238741487,
  54146.093485387653,
  221497.82052576187,
  212469.00065011499,
  441044.31149316678,
  11511.483067822708,
  74142.844773735764,
  45.288852653143095,
  43.588997353890385,
  69.901594567824759,
  33.78383699743231,
  12.000107905786988,
  15.945110952533376,
  22.2221444343723,
  14.743543972657948,
  13.516371317369007,
  22.068469980443378,
  12.995672466341874,
  15.505995451666882,
  12.783224843168144,
  15.013689770939683,
  20.472223031635991,
  18.684242923425256,
  39.515015625324345,
  18.335659566222503,
  21.254497243125659,
  23.371607770947179,
  16.3613114445828,
  16.320559643600152,
  15.588783938583498,
  13.308793810846943,
  24.590255626113585,
  16.065474334226295,
  20.137813360788179,
  11.324897676404825,
  16.844791649198811,
  24.205147397034004,
  17.166058682845275,
  17.248471114891515,
  29.105300882544281,
  13.23595723794028,
  16.854182588134222,
  13.889402422262977,
  25.00028687457327,
  20.4033919940305,
  17.558179735310461,
  21.804204960507789,
  22.410553582854494,
  21.606361049779551,
  17.823201880516326]]
