[[-6697.4245458936002,
  -21680.868825342106,
  -24745.196709272459,
  4722.1996014949518,
  -54099.174232763158,
  -1831.6746527591094,
  -12063.633605559433,
  -24.284155970816876,
  -27.8303255401154,
  -40.729590701065753,
  -2.8092349137095027,
  9.0147935372985391,
  12.56598165625601,
  6.2699309061863318,
  11.919596071962635,
  20.541985371712752,
  15.289719030411144,
  21.922833906404527,
  19.176329907302215,
  25.114019682291289,
  22.728380533775827,
  17.474762711817608,
  37.055772241450747,
  39.192438074922862,
  35.991301007633396,
  50.911942631832289,
  61.732954507503543,
  57.555909053532069,
  58.596929187842576,
  57.731800295442703,
  59.587024796410923,
  68.658928187172506,
  50.340464367723847,
  57.956586030082534,
  50.467381267277872,
  57.322329375248572,
  38.43940697123719,
  43.792223988385366,
  42.297965585151331,
  46.819373882747868,
  42.924292534679083,
  47.506096017485035,
  38.408480596593925,
  38.124251186724813,
  34.773779104921836,
  37.226108345757424,
  41.849488847594955,
  27.305232325461077,
  37.021787914278399,
  29.937829550482586],
 [-6662.5504276106831,
  -21314.806427329302,
  -24524.151560332939,
  4667.6665793558323,
  -54156.651861220729,
  -1834.2281870338604,
  -12071.736028147052,
  -32.815565571426731,
  -18.805867267430919,
  -35.706131493822191,
  3.0613997266817448,
  6.5398298487243069,
  12.26995373448789,
  7.9950575573638449,
  14.810042441141878,
  18.219989829426574,
  16.891691192917705,
  23.64915208457467,
  23.426978268662484,
  26.238677630565537,
  20.930555155140414,
  13.601579698881853,
  39.799169445299711,
  42.997203213753814,
  48.82692829213299,
  69.543539362567572,
  74.274741392438301,
  80.898268850489373,
  79.570176347033936,
  68.988977093651485,
  74.167678895859979,
  95.260245158142993,
  67.714248727258337,
  72.250341904772966,
  58.840776425645814,
  68.108903559731715,
  41.618415432326046,
  46.061336946178344,
  45.279268947277458,
  59.476954314997712,
  51.522859263036842,
  56.411847780011747,
  45.218479008294864,
  49.591052341302216,
  40.439291267583499,
  46.513417987235115,
  54.092332665304966,
  32.255924110962454,
  41.537650544545897,
  30.486527791607273],
 [-6535.3102693724459,
  -20956.63720598026,
  -24552.794488613119,
  5175.7471771210521,
  -54218.923619385962,
  -1841.339792870891,
  -12065.880780765909,
  -39.37949133806525,
  -32.038280500555643,
  -29.20764581012752,
  8.7913025672662908,
  14.468510226013546,
  14.435673141111096,
  10.095385986279505,
  15.256444363594962,
  23.639459988989962,
  20.110706402403576,
  33.040395935534001,
  29.612661702706248,
  33.222004991233248,
  26.562027458381486,
  15.06877491110061,
  45.003902835827738,
  50.825363135451759,
  55.888945525231179,
  87.501423581843227,
  88.639181808043489,
  98.901280905153129,
  99.427407572661053,
  79.98325785386082,
  83.650204475972004,
  113.76223465985565,
  81.830488772281655,
  86.784168537875388,
  61.046848128742525,
  74.808615892029053,
  49.506636667400606,
  49.382706095870091,
  49.344993089264143,
  61.653034819824732,
  57.455786045381089,
  62.698107924137517,
  49.557716776512045,
  59.836331952304157,
  43.346638563789824,
  54.006428493413225,
  60.925237031555184,
  38.753243286063089,
  43.456418995197772,
  30.185532624149751]]
