[16597548774.387201,
 16797648824.412201,
 16997748874.437225,
 17197848924.462227,
 17397948974.487251,
 17598049024.512253,
 17798149074.537273,
 17998249124.562279,
 18198349174.587299,
 18398449224.612297,
 18598549274.637325,
 18798649324.662323,
 18998749374.687347,
 19198849424.712349,
 19398949474.737373,
 19599049524.762379,
 19799149574.787399,
 19999249624.812401,
 20199349674.837425,
 20399449724.862423,
 20599549774.887451,
 20799649824.912453,
 20999749874.937477,
 21199849924.962475,
 21399949974.987499,
 21600050025.012501,
 21800150075.037525,
 22000250125.062523,
 22200350175.087547,
 22400450225.112553,
 22600550275.137573,
 22800650325.162575,
 23000750375.187599,
 23200850425.212597,
 23400950475.237625,
 23601050525.262627,
 23801150575.287651,
 24001250625.312653,
 24201350675.337677,
 24401450725.362679,
 24601550775.387703,
 24801650825.412701,
 25001750875.437725,
 25201850925.462727,
 25401950975.487747,
 25602051025.512749,
 25802151075.537773,
 26002251125.562775,
 26202351175.587799,
 26402451225.612801]
